56
30
-10.750000 692.750000
104.750000 688.250000
233.750000 664.250000
379.250000 667.250000
455.750000 677.750000
518.750000 671.750000
635.750000 674.750000
734.750000 677.750000
833.750000 680.750000
907.250000 647.750000
1010.750000 635.750000
1069.250000 682.250000
1157.750000 839.750000
1153.250000 908.750000
1267.250000 973.250000
1394.750000 994.250000
1687.250000 982.250000
1765.250000 965.750000
1834.250000 926.750000
1864.250000 862.250000
1870.250000 805.250000
1871.750000 683.750000
1879.250000 617.750000
1873.250000 473.750000
1861.250000 316.250000
1873.250000 218.750000
1847.750000 131.750000
1823.750000 83.750000
1735.250000 68.750000
1646.750000 101.750000
1595.750000 85.250000
1460.750000 85.250000
1403.750000 113.750000
1333.250000 85.250000
1315.250000 76.250000
1250.750000 46.250000
1154.750000 121.250000
1129.250000 149.750000
1111.250000 202.250000
1105.250000 263.750000
1064.750000 344.750000
1046.750000 388.250000
1054.250000 445.250000
1034.750000 481.250000
973.250000 517.250000
926.750000 517.250000
871.250000 497.750000
779.750000 467.750000
725.750000 464.750000
631.250000 461.750000
506.750000 445.250000
325.250000 409.250000
277.250000 422.750000
146.750000 406.250000
56.750000 397.250000
-36.250000 364.250000
