46
28
1573.250000 1097.750000
1688.750000 743.750000
1663.250000 389.750000
1456.250000 241.250000
1034.750000 221.750000
785.750000 250.250000
589.250000 218.750000
394.250000 245.750000
310.250000 346.250000
296.750000 617.750000
343.250000 779.750000
478.250000 823.250000
574.250000 778.250000
617.750000 614.750000
805.250000 412.250000
986.750000 385.250000
1213.250000 388.250000
1447.250000 457.250000
1553.750000 626.750000
1553.750000 751.250000
1517.750000 857.750000
1450.250000 919.250000
1358.750000 949.250000
1153.250000 967.250000
1003.250000 944.750000
959.750000 892.250000
979.250000 821.750000
1021.250000 784.250000
1088.750000 755.750000
1216.250000 755.750000
1264.250000 820.250000
1315.250000 827.750000
1348.250000 761.750000
1382.750000 689.750000
1345.250000 623.750000
1178.750000 560.750000
964.250000 577.250000
824.750000 704.750000
806.750000 817.250000
751.250000 941.750000
565.250000 989.750000
401.750000 980.750000
247.250000 962.750000
179.750000 925.250000
113.750000 926.750000
-28.750000 1021.250000
